
PowerMax_org =

   55.8000


sortedIrows_org =

    3.0000    6.2000    9.0000   55.8000
    4.0000    6.2000    9.0000   55.8000
    1.0000    6.6000    7.0000   46.2000
    2.0000    6.6000    7.0000   46.2000
    5.0000    9.0000    5.0000   45.0000
    6.0000    9.0000    5.0000   45.0000
    7.0000    9.0000    5.0000   45.0000
    8.0000    9.0000    5.0000   45.0000
    9.0000    9.0000    5.0000   45.0000


Minimum_Diff_Currents_org =

    2.8000

Original Arrangement
        1000        1000        1000        1000        1000         200         200         600         600
        1000        1000        1000        1000        1000         200         200         600         600
        1000        1000        1000        1000        1000         200         200         400         400
        1000        1000        1000        1000        1000         200         200         400         400
        1000        1000        1000        1000        1000        1000        1000        1000        1000
        1000        1000        1000        1000        1000        1000        1000        1000        1000
        1000        1000        1000        1000        1000        1000        1000        1000        1000
        1000        1000        1000        1000        1000        1000        1000        1000        1000
        1000        1000        1000        1000        1000        1000        1000        1000        1000


PowerMax_Optimal =

   57.4000


sortedIrows_Optimal =

    3.0000    6.2000    9.0000   55.8000
    6.0000    7.0000    8.0000   56.0000
    1.0000    8.2000    7.0000   57.4000
    2.0000    8.2000    7.0000   57.4000
    4.0000    8.2000    7.0000   57.4000
    5.0000    8.2000    7.0000   57.4000
    7.0000    8.2000    7.0000   57.4000
    8.0000    8.2000    7.0000   57.4000
    9.0000    8.2000    7.0000   57.4000


Minimum_Diff_Currents_Optimal =

    2.0000

Optimal Arrangement
        1000        1000        1000        1000        1000        1000         200        1000        1000
        1000        1000        1000        1000        1000        1000         200        1000        1000
        1000        1000        1000        1000        1000         200         200         400         400
        1000        1000        1000        1000        1000        1000         200        1000        1000
        1000        1000        1000        1000        1000        1000        1000         600         600
        1000        1000        1000        1000        1000         200        1000         400         400
        1000        1000        1000        1000        1000         200        1000        1000        1000
        1000        1000        1000        1000        1000         200        1000        1000        1000
        1000        1000        1000        1000        1000        1000        1000         600         600

Power Enhancement (%):
    2.7875

Matrix B:
     1    10    19    28    37    46    55    64    73
     2    11    20    29    38    47    56    65    74
     3    12    21    30    39    48    57    66    75
     4    13    22    31    40    49    58    67    76
     5    14    23    32    41    50    59    68    77
     6    15    24    33    42    51    60    69    78
     7    16    25    34    43    52    61    70    79
     8    17    26    35    44    53    62    71    80
     9    18    27    36    45    54    63    72    81

Matrix C:
     8    16    19    32    39    53    56    71    81
     6    12    22    35    44    46    61    64    78
     7    10    27    28    42    49    59    66    76
     2    17    21    29    40    47    63    65    73
     9    15    24    31    45    48    62    72    77
     3    13    26    30    43    52    60    67    80
     4    11    20    34    41    50    55    70    75
     5    14    25    36    38    51    58    69    74
     1    18    23    33    37    54    57    68    79

